0 0
1 0
2 0
3 0
4 0
5 0
6 0
7 0
8 0
9 0
10 0
11 0
12 0
13 0
14 0
15 0
16 0
17 0
18 2.40808e-320
19 2.37953e-306
20 3.42384e-293
21 8.69234e-281
22 4.58493e-269
23 5.78314e-258
24 1.97034e-247
25 2.01648e-237
26 6.80317e-228
27 8.20952e-219
28 3.8057e-210
29 7.21313e-202
30 5.90058e-194
31 2.18345e-186
32 3.80756e-179
33 3.24396e-172
34 1.39479e-165
35 3.11804e-159
36 3.72672e-153
37 2.44588e-147
38 9.04493e-142
39 1.93255e-136
40 2.44474e-131
41 1.8753e-126
42 8.9274e-122
43 2.69766e-117
44 5.28863e-113
45 6.86996e-109
46 6.03458e-105
47 3.65515e-101
48 1.55549e-097
49 4.73492e-094
50 1.04878e-090
51 1.7182e-087
52 2.11464e-084
53 1.9843e-081
54 1.4398e-078
55 8.18709e-076
56 3.69491e-073
57 1.33953e-070
58 3.94568e-068
59 9.54485e-066
60 1.91546e-063
61 3.21897e-061
62 4.56973e-059
63 5.52431e-057
64 5.72879e-055
65 5.13018e-053
66 3.99113e-051
67 2.7121e-049
68 1.61766e-047
69 8.50704e-046
70 3.96054e-044
71 1.63858e-042
72 6.04599e-041
73 1.99632e-039
74 5.91788e-038
75 1.57993e-036
76 3.8104e-035
77 8.32614e-034
78 1.65314e-032
79 2.99078e-031
80 4.9437e-030
81 7.48624e-029
82 1.04121e-027
83 1.33338e-026
84 1.57604e-025
85 1.72342e-024
86 1.74744e-023
87 1.64645e-022
88 1.44458e-021
89 1.18265e-020
90 9.05172e-020
91 6.48901e-019
92 4.36486e-018
93 2.75962e-017
94 1.64257e-016
95 9.21872e-016
96 4.88583e-015
97 2.44874e-014
98 1.16217e-013
99 5.22967e-013
100 2.23404e-012
101 9.07021e-012
102 3.50373e-011
103 1.28908e-010
104 4.52152e-010
105 1.51337e-009
106 4.83768e-009
107 1.47811e-008
108 4.31994e-008
109 1.20852e-007
110 3.23826e-007
111 8.31581e-007
112 2.04769e-006
113 4.83722e-006
114 1.09669e-005
115 2.38719e-005
116 4.99047e-005
117 0.000100222
118 0.000193398
119 0.000358662
120 0.000639353
121 0.00109569
122 0.00180557
123 0.00286165
124 0.00436355
125 0.00640425
126 0.00905221
127 0.0123318
128 0.0162068
129 0.020572
130 0.025257
131 0.0300426
132 0.034688
133 0.0389618
134 0.0426683
135 0.0456596
136 0.0478294
137 0.0490897
138 0.0493458
139 0.0484891
140 0.0464253
141 0.043139
142 0.0387669
143 0.0336366
144 0.0282294
145 0.023061
146 0.0185208
147 0.0147447
148 0.0115971
149 0.0087831
150 0.00604551
151 0.00334001
152 0.000878886
153 -0.00100512
154 -0.00210768
155 -0.00255955
156 -0.00284018
157 -0.00355064
158 -0.00504839
159 -0.00715288
160 -0.00911818
161 -0.00993388
162 -0.00882535
163 -0.00568947
164 -0.00120848
165 0.00345526
166 0.00724266
167 0.00973675
168 0.0113297
169 0.0128904
170 0.0151087
171 0.0179098
172 0.020325
173 0.0209409
174 0.0186974
175 0.0135622
176 0.00665434
177 -0.00029269
178 -0.00582809
179 -0.00951239
180 -0.0120477
181 -0.0147527
182 -0.0187225
183 -0.0241702
184 -0.0302961
185 -0.0357006
186 -0.0390783
187 -0.0398397
188 -0.0383871
189 -0.0359331
190 -0.0339267
191 -0.033322
192 -0.0340428
193 -0.0349658
194 -0.0345113
195 -0.0315628
196 -0.0261754
197 -0.0195978
198 -0.0135407
199 -0.00912628
200 -0.0061936
201 -0.00342241
202 0.000814225
203 0.00745236
204 0.0162487
205 0.026046
206 0.0354886
207 0.0436305
208 0.0500818
209 0.0547671
210 0.0576401
211 0.0586179
212 0.0576953
213 0.054993
214 0.0505831
215 0.0442305
216 0.0353822
217 0.0236005
218 0.00923955
219 -0.00618423
220 -0.0203725
221 -0.0312864
222 -0.0381721
223 -0.0417842
224 -0.0435697
225 -0.0443716
226 -0.0436583
227 -0.0399202
228 -0.0319618
229 -0.0201086
230 -0.00640439
231 0.00635087
232 0.0160305
233 0.0221004
234 0.0255076
235 0.0277788
236 0.0300294
237 0.0324605
238 0.0344645
239 0.0350879
240 0.0335521
241 0.0296706
242 0.0240846
243 0.0181746
244 0.0135001
245 0.0108748
246 0.00958451
247 0.0074219
248 0.00180079
249 -0.00860795
250 -0.0228054
251 -0.0377948
252 -0.0502262
253 -0.0583106
254 -0.0627363
255 -0.0659925
256 -0.070563
257 -0.0771602
258 -0.0840987
259 -0.0881574
260 -0.0863819
261 -0.0777658
262 -0.0638727
263 -0.0480689
264 -0.0337876
265 -0.0227844
266 -0.0143544
267 -0.00596378
268 0.00503517
269 0.0195933
270 0.036162
271 0.0514412
272 0.0622499
273 0.0673517
274 0.06807
275 0.067331
276 0.0678096
277 0.0704019
278 0.0739476
279 0.0762288
280 0.0754441
281 0.0711768
282 0.0643688
283 0.056534
284 0.048866
285 0.0417767
286 0.0349483
287 0.0276107
288 0.0187706
289 0.00741904
290 -0.00704194
291 -0.0241215
292 -0.0417485
293 -0.0566475
294 -0.0658117
295 -0.0682798
296 -0.0657942
297 -0.0615389
298 -0.0576276
299 -0.0531863
300 -0.044671
