0 0
1 0
2 0
3 0
4 0
5 0
6 0
7 0
8 0
9 0
10 0
11 0
12 0
13 0
14 0
15 0
16 2.67638e-311
17 1.99778e-295
18 1.34917e-280
19 1.07432e-266
20 1.25576e-253
21 2.58991e-241
22 1.10213e-229
23 1.10715e-218
24 2.95033e-208
25 2.30877e-198
26 5.79865e-189
27 5.05193e-180
28 1.63395e-171
29 2.08136e-163
30 1.09947e-155
31 2.52004e-148
32 2.60923e-141
33 1.26583e-134
34 2.97653e-128
35 3.50268e-122
36 2.12681e-116
37 6.86304e-111
38 1.21114e-105
39 1.20181e-100
40 6.88943e-096
41 2.34229e-091
42 4.84478e-087
43 6.24884e-083
44 5.1473e-079
45 2.77081e-075
46 9.96552e-072
47 2.44615e-068
48 4.18202e-065
49 5.07732e-062
50 4.45905e-059
51 2.88282e-056
52 1.39495e-053
53 5.13169e-051
54 1.45655e-048
55 3.2342e-046
56 5.69158e-044
57 8.03542e-042
58 9.20534e-040
59 8.64862e-038
60 6.73041e-036
61 4.37872e-034
62 2.40222e-032
63 1.1203e-030
64 4.47478e-029
65 1.54156e-027
66 4.61041e-026
67 1.20437e-024
68 2.76377e-023
69 5.60141e-022
70 1.00772e-020
71 1.61698e-019
72 2.32459e-018
73 3.00695e-017
74 3.51401e-016
75 3.72424e-015
76 3.59238e-014
77 3.16426e-013
78 2.55271e-012
79 1.89112e-011
80 1.28944e-010
81 8.10691e-010
82 4.70664e-009
83 2.52603e-008
84 1.2542e-007
85 5.76372e-007
86 2.45224e-006
87 9.66026e-006
88 3.52347e-005
89 0.000118974
90 0.000371816
91 0.0010751
92 0.00287467
93 0.00710278
94 0.0162004
95 0.0340617
96 0.0658918
97 0.116983
98 0.189966
99 0.280826
100 0.37527
101 0.448111
102 0.468328
103 0.410376
104 0.268787
105 0.0691517
106 -0.135147
107 -0.283658
108 -0.337645
109 -0.301569
110 -0.222251
111 -0.161569
112 -0.160109
113 -0.215333
114 -0.286581
115 -0.322082
116 -0.291356
117 -0.201492
118 -0.089788
119 -0.000322886
120 0.038662
121 0.0248266
122 -0.0215532
123 -0.0701095
124 -0.0928995
125 -0.0728741
126 -0.0104011
127 0.0741068
128 0.146155
129 0.171513
130 0.133976
131 0.0463586
132 -0.0540908
133 -0.124377
134 -0.135912
135 -0.0841572
136 0.0145637
137 0.133167
138 0.245165
139 0.332423
140 0.387315
141 0.409909
142 0.402626
143 0.365194
144 0.292874
145 0.180365
146 0.0307214
147 -0.137152
148 -0.290894
149 -0.398618
150 -0.445052
151 -0.436579
152 -0.391163
153 -0.322619
154 -0.233365
155 -0.122219
156 0.000202189
157 0.104946
158 0.156196
159 0.133789
160 0.0490759
161 -0.0583085
162 -0.141027
163 -0.168425
164 -0.139866
165 -0.0810108
166 -0.027209
167 -0.00339059
168 -0.0113702
169 -0.0314826
170 -0.0367012
171 -0.00960178
172 0.0478827
173 0.115787
174 0.166047
175 0.175668
176 0.137804
177 0.0661063
178 -0.0112943
179 -0.0645893
180 -0.0748957
181 -0.0421813
182 0.0128416
183 0.0548437
184 0.0506865
185 -0.00985496
186 -0.102164
187 -0.175121
188 -0.181221
189 -0.110478
190 -0.000445359
191 0.0888192
192 0.117216
193 0.0917141
194 0.0553915
195 0.048992
196 0.0813031
197 0.12979
198 0.16289
199 0.161198
200 0.123869
201 0.0630287
202 -0.00396296
203 -0.0593417
204 -0.0894025
205 -0.090082
206 -0.0706211
207 -0.0512238
208 -0.0536175
209 -0.0887659
210 -0.148279
211 -0.205386
212 -0.2283
213 -0.199992
214 -0.131817
215 -0.0586201
216 -0.0148437
217 -0.00897641
218 -0.0189075
219 -0.0136452
220 0.0180611
221 0.0583912
222 0.0770889
223 0.0573562
224 0.0100502
225 -0.0324449
226 -0.034241
227 0.0242048
228 0.130795
229 0.240562
230 0.297284
231 0.271346
232 0.189857
233 0.12758
234 0.153888
235 0.278447
236 0.43797
237 0.533349
238 0.493014
239 0.318787
240 0.0820067
241 -0.124786
242 -0.239325
243 -0.248348
244 -0.17458
245 -0.0534628
246 0.0779471
247 0.178753
248 0.206938
249 0.136771
250 -0.0204965
251 -0.215573
252 -0.38605
253 -0.486666
254 -0.502343
255 -0.44231
256 -0.330262
257 -0.198854
258 -0.084205
259 -0.0131004
260 0.0126577
261 0.0194919
262 0.0439396
263 0.103367
264 0.178814
265 0.225922
266 0.207457
267 0.122618
268 0.0083142
269 -0.0886923
270 -0.143916
271 -0.163404
272 -0.163864
273 -0.14713
274 -0.0951294
275 0.0101261
276 0.162118
277 0.324316
278 0.447547
279 0.49606
280 0.465044
281 0.379276
282 0.273014
283 0.165663
284 0.0564602
285 -0.0557003
286 -0.149913
287 -0.188035
288 -0.146924
289 -0.0438518
290 0.0759843
291 0.176498
292 0.248687
293 0.292295
294 0.291234
295 0.220188
296 0.0778315
297 -0.0950726
298 -0.238828
299 -0.317145
300 -0.337625
